DMSP 5D-3 F16 (USA 172) 
1 28054U 03048A   25254.30288843  .00000073  00000+0  62107-4 0  9997
2 28054  99.0129 270.9829 0006606 209.2277 161.2476 14.14375244130067
METEOSAT-9 (MSG-2)      
1 28912U 05049B   25254.09738615  .00000124  00000+0  00000+0 0  9992
2 28912   8.7208  56.8320 0001657 194.4869 179.8161  1.00272209  4216
DMSP 5D-3 F17 (USA 191) 
1 29522U 06050A   25254.27344121  .00000129  00000+0  89197-4 0  9992
2 29522  98.7418 261.5654 0010988 128.3830 231.8332 14.14859217972977
FENGYUN 3A              
1 32958U 08026A   25254.06498294  .00000074  00000+0  55563-4 0  9991
2 32958  98.6528 195.6230 0008066 206.1179 153.9592 14.19470277895805
GOES 14                 
1 35491U 09033A   25254.20961992 -.00000070  00000+0  00000+0 0  9999
2 35491   0.9533  86.6747 0003774 103.6751 127.3005  1.00269232  3798
DMSP 5D-3 F18 (USA 210) 
1 35951U 09057A   25254.21858483  .00000232  00000+0  14343-3 0  9995
2 35951  98.8698 231.1381 0010586 330.1009  29.9559 14.14691930820140
EWS-G2 (GOES 15)        
1 36411U 10008A   25254.17191978  .00000035  00000+0  00000+0 0  9991
2 36411   0.5661  85.4155 0004979 134.1405 254.1578  1.00270070 56842
COMS 1                  
1 36744U 10032A   25253.89971244 -.00000346  00000+0  00000+0 0  9993
2 36744   4.1058  78.9299 0000951 109.6906 253.5977  1.00272341 48295
FENGYUN 3B              
1 37214U 10059A   25254.31718966  .00000056  00000+0  52825-4 0  9997
2 37214  99.0060 293.5730 0021106 256.1485 196.0892 14.14752897767994
SUOMI NPP               
1 37849U 11061A   25254.21636507  .00000082  00000+0  59776-4 0  9995
2 37849  98.7612 192.4636 0002380  67.0395 293.1032 14.19515413718864
METEOSAT-10 (MSG-3)     
1 38552U 12035B   25254.23111336 -.00000008  00000+0  00000+0 0  9999
2 38552   4.0054  61.9102 0000305 173.9673 197.9386  1.00273119 48066
METOP-B                 
1 38771U 12049A   25254.22654916  .00000015  00000+0  26538-4 0  9998
2 38771  98.6204 305.7852 0002371  76.4517 283.6925 14.21459040673630
INSAT-3D                
1 39216U 13038B   25254.25681433 -.00000341  00000+0  00000+0 0  9993
2 39216   1.1994  86.2470 0002059 128.2154 358.0766  1.00273314 44287
FENGYUN 3C              
1 39260U 13052A   25254.29835874  .00000077  00000+0  60236-4 0  9999
2 39260  98.4644 236.5381 0015846 104.9442 255.3489 14.15652155619101
METEOR-M 2              
1 40069U 14037A   25254.24904976  .00000112  00000+0  70551-4 0  9998
2 40069  98.4781 235.4282 0006729 120.6080 239.5763 14.21330333579699
HIMAWARI-8              
1 40267U 14060A   25254.25898101 -.00000278  00000+0  00000+0 0  9998
2 40267   0.0223 207.7158 0000834 323.6179  53.1010  1.00271322 39958
FENGYUN 2G              
1 40367U 14090A   25254.07108530 -.00000303  00000+0  00000+0 0  9991
2 40367   4.9278  76.2045 0003464 175.8950 223.0924  1.00280979 39200
METEOSAT-11 (MSG-4)     
1 40732U 15034A   25254.23293337  .00000059  00000+0  00000+0 0  9991
2 40732   2.4996  72.2383 0000498 116.7969 254.5294  1.00272094  4429
ELEKTRO-L 2             
1 41105U 15074A   25253.87406002 -.00000118  00000+0  00000+0 0  9991
2 41105   5.9849  73.9554 0002470 168.8977  47.4876  1.00270887 35704
INSAT-3DR               
1 41752U 16054A   25254.10301950 -.00000080  00000+0  00000+0 0  9999
2 41752   0.0380  96.8652 0012182 166.2208 198.3840  1.00270582 33023
HIMAWARI-9              
1 41836U 16064A   25254.18769318 -.00000278  00000+0  00000+0 0  9996
2 41836   0.0194 235.1784 0001504 345.4212 338.1850  1.00269939 32416
GOES 16                 
1 41866U 16071A   25253.85343225 -.00000094  00000+0  00000+0 0  9991
2 41866   0.1086  90.4026 0002416 121.9426 340.3594  1.00271817 32304
FENGYUN 4A              
1 41882U 16077A   25254.32701463 -.00000360  00000+0  00000+0 0  9996
2 41882   1.6077  83.2640 0006897 161.0220 347.7517  1.00268957 32132
CYGFM05                 
1 41884U 16078A   25254.22303850  .00012024  00000+0  26500-3 0  9992
2 41884  34.9601 289.2934 0007945  39.2818 320.8478 15.43036766485441
CYGFM04                 
1 41885U 16078B   25254.12572240  .00013568  00000+0  27778-3 0  9995
2 41885  34.9351 267.0036 0006880  68.3807 291.7646 15.45193538485580
CYGFM02                 
1 41886U 16078C   25254.20637286  .00014285  00000+0  28285-3 0  9998
2 41886  34.9439 266.0023 0008249  62.4968 297.6590 15.46147328485712
CYGFM01                 
1 41887U 16078D   25254.18517850  .00012002  00000+0  26062-3 0  9996
2 41887  34.9435 292.5397 0007586  26.4012 333.7093 15.43478197485370
CYGFM08                 
1 41888U 16078E   25254.24106345  .00013154  00000+0  27556-3 0  9995
2 41888  34.9462 276.1263 0009013  54.3975 305.7585 15.44508286485601
CYGFM07                 
1 41890U 16078G   25254.21328509  .00014140  00000+0  28991-3 0  9993
2 41890  34.9477 265.8008 0007196  76.1225 284.0296 15.45143690485616
CYGFM03                 
1 41891U 16078H   25254.23405687  .00013563  00000+0  28084-3 0  9990
2 41891  34.9430 267.4829 0006196  58.3386 301.7939 15.44868481485593
FENGYUN 3D              
1 43010U 17072A   25254.27027615  .00000072  00000+0  55926-4 0  9992
2 43010  98.9727 219.2667 0002416 108.0914 252.0524 14.19640914405414
NOAA 20 (JPSS-1)        
1 43013U 17073A   25254.23168919  .00000062  00000+0  50173-4 0  9993
2 43013  98.7441 191.6122 0001685  52.0052 308.1276 14.19559159404893
GOES 17                 
1 43226U 18022A   25254.21334661 -.00000186  00000+0  00000+0 0  9998
2 43226   0.2145  93.2283 0002468 146.9321  97.6339  1.00271735 27624
FENGYUN 2H              
1 43491U 18050A   25254.10405951 -.00000131  00000+0  00000+0 0  9992
2 43491   2.3066  82.3955 0002902 133.0393 251.6696  1.00269240 26644
METOP-C                 
1 43689U 18087A   25254.19079689  .00000089  00000+0  60914-4 0  9991
2 43689  98.7070 313.3090 0000452 173.8950 186.2233 14.21490382355198
GEO-KOMPSAT-2A          
1 43823U 18100A   25254.25655433 -.00000347  00000+0  00000+0 0  9994
2 43823   0.0443 350.0891 0001522 144.9015  76.1311  1.00267847 24834
METEOR-M2 2             
1 44387U 19038A   25254.28608493  .00000083  00000+0  55931-4 0  9992
2 44387  98.8843 232.9319 0002355  94.0439 266.1008 14.24234145321594
ARKTIKA-M 1             
1 47719U 21016A   25246.38975133 -.00000134  00000+0  00000+0 0  9993
2 47719  63.1607  97.4931 7149598 268.8202  16.1856  2.00602919 33032
FENGYUN 3E              
1 49008U 21062A   25254.28998154 -.00000011  00000+0  15604-4 0  9998
2 49008  98.7470 255.8959 0002087 138.4264 221.7071 14.19861360217005
GOES 18                 
1 51850U 22021A   25254.20398657  .00000094  00000+0  00000+0 0  9995
2 51850   0.0286  51.7558 0000771 199.1070  36.0535  1.00271200  3794
NOAA 21 (JPSS-2)        
1 54234U 22150A   25254.26772599  .00000064  00000+0  51163-4 0  9992
2 54234  98.7304 191.7989 0000468 267.0267  93.0856 14.19557990146971
METEOSAT-12 (MTG-I1)    
1 54743U 22170C   25254.23102669 -.00000010  00000+0  00000+0 0  9992
2 54743   0.6931  32.2458 0001670 129.5064 271.5760  1.00273772 10186
TIANMU-1 03             
1 55973U 23039A   25254.30174410  .00010569  00000+0  29157-3 0  9991
2 55973  97.5097  54.6532 0004117  38.4804 321.6733 15.37276953137849
TIANMU-1 04             
1 55974U 23039B   25254.29917795  .00010745  00000+0  29382-3 0  9997
2 55974  97.5026  53.8857 0004799  32.2314 327.9222 15.37544836137847
TIANMU-1 05             
1 55975U 23039C   25254.27318243  .00010205  00000+0  28191-3 0  9997
2 55975  97.5074  54.3412 0004200  57.8158 302.3493 15.37245398137826
TIANMU-1 06             
1 55976U 23039D   25254.24001483  .00009974  00000+0  27232-3 0  9996
2 55976  97.5086  54.7002 0004501  52.4836 307.6817 15.37614767137836
METEOR-M2 3             
1 57166U 23091A   25254.29478050 -.00000003  00000+0  17628-4 0  9994
2 57166  98.6524 309.3758 0002846 256.5929 103.4933 14.24009835114829
TIANMU-1 07             
1 57399U 23101A   25254.33547971  .00005073  00000+0  19884-3 0  9994
2 57399  97.3019 306.2700 0005381  60.9489 299.2288 15.26198018119052
TIANMU-1 08             
1 57400U 23101B   25254.30175154  .00005316  00000+0  20816-3 0  9991
2 57400  97.3008 306.0506 0007416  60.3122 299.8855 15.26194080119044
TIANMU-1 09             
1 57401U 23101C   25254.28840608  .00005327  00000+0  20883-3 0  9998
2 57401  97.2964 305.6041 0006650  61.1444 299.0462 15.26162726119047
TIANMU-1 10             
1 57402U 23101D   25254.25640416  .00005267  00000+0  20652-3 0  9998
2 57402  97.3045 306.3255 0008448  58.6222 301.5842 15.26148697119037
FENGYUN 3F              
1 57490U 23111A   25254.27733019  .00000058  00000+0  48001-4 0  9992
2 57490  98.7198 324.0118 0001278 113.5639 246.5672 14.19858557109289
ARKTIKA-M 2             
1 58584U 23198A   25245.63669142  .00000141  00000+0  00000+0 0  9992
2 58584  63.2042 185.8992 6865009 268.5190  18.6674  2.00594607 12554
TIANMU-1 11             
1 58645U 23205A   25254.28683615  .00004454  00000+0  19212-3 0  9991
2 58645  97.3699 275.5828 0007645 266.5419  93.4943 15.23028219 95015
TIANMU-1 12             
1 58646U 23205B   25254.30711391  .00004287  00000+0  18583-3 0  9992
2 58646  97.3686 275.4391 0006066 244.9916 115.0692 15.22892867 95002
TIANMU-1 13             
1 58647U 23205C   25254.34103767  .00004663  00000+0  20182-3 0  9995
2 58647  97.3714 275.6378 0006774 220.8954 139.1775 15.22893199 95001
TIANMU-1 14             
1 58648U 23205D   25254.32370277  .00004537  00000+0  19647-3 0  9990
2 58648  97.3644 275.0554 0007491 227.4822 132.5783 15.22886521 95005
TIANMU-1 19             
1 58660U 23208A   25254.25933921  .00007190  00000+0  28706-3 0  9994
2 58660  97.4339   5.6880 0004972 212.2711 147.8224 15.25446707 94717
TIANMU-1 20             
1 58661U 23208B   25254.25274807  .00007247  00000+0  27900-3 0  9994
2 58661  97.4276   6.0384 0007161 226.9024 133.1616 15.26646578 94772
TIANMU-1 21             
1 58662U 23208C   25254.26063054  .00008131  00000+0  29324-3 0  9991
2 58662  97.4323   7.5707 0006813 222.6529 137.4183 15.28770519 94857
TIANMU-1 22             
1 58663U 23208D   25254.24896615  .00006529  00000+0  26174-3 0  9996
2 58663  97.4335   5.7676 0003125 236.3014 123.7926 15.25355301 94724
TIANMU-1 15             
1 58700U 24004A   25254.32580517  .00005095  00000+0  22017-3 0  9992
2 58700  97.4679  76.2199 0005275 251.9312 108.1350 15.22920005 93275
TIANMU-1 16             
1 58701U 24004B   25254.30778657  .00005060  00000+0  21838-3 0  9997
2 58701  97.4615  75.6737 0005588 258.7413 101.3196 15.22964239 93271
TIANMU-1 17             
1 58702U 24004C   25254.28751486  .00004614  00000+0  19983-3 0  9998
2 58702  97.4651  76.0323 0004478 247.3794 112.6969 15.22895823 93265
TIANMU-1 18             
1 58703U 24004D   25254.27304424  .00004796  00000+0  20695-3 0  9997
2 58703  97.4669  76.1865 0004158 244.0394 116.0414 15.23002537 93268
INSAT-3DS               
1 58990U 24033A   25254.10466618 -.00000159  00000+0  00000+0 0  9997
2 58990   0.0477 275.9056 0001438 269.0494 285.1823  1.00271993 44273
METEOR-M2 4             
1 59051U 24039A   25254.27317861  .00000021  00000+0  29198-4 0  9996
2 59051  98.6584 212.7089 0005899 256.1869 103.8653 14.22379549 79614
GOES 19                 
1 60133U 24119A   25254.22864845 -.00000251  00000+0  00000+0 0  9994
2 60133   0.0089  49.1750 0000771 208.4557  99.9936  1.00271161  4169
